Channel 1,Channel 2,Channel 3,Channel 4,Channel 5,Channel 6,Channel 7,Channel 8
1.23313e+10,7,73.6875,-172.313,1.23313e+10,9.8125,78.625,132.125
1.23313e+10,7,73.6875,-172.313,1.23313e+10,9.75,78.625,132.188
1.23313e+10,6.9375,73.6875,-172.313,1.23313e+10,9.75,78.625,132.188
1.23313e+10,6.9375,73.6875,-172.313,1.23313e+10,9.75,78.625,132.188
1.23313e+10,6.9375,73.6875,-172.25,1.23313e+10,9.75,78.625,132.188
1.23313e+10,6.9375,73.75,-172.25,1.23313e+10,9.75,78.625,132.25
1.23313e+10,6.9375,73.8125,-172.25,1.23313e+10,9.75,78.5625,132.375
1.23313e+10,6.9375,73.8125,-172.25,1.23313e+10,9.6875,78.5,132.5
1.23313e+10,6.9375,73.875,-172.125,1.23313e+10,9.625,78.5,132.5
1.23313e+10,7,73.9375,-172.063,1.23313e+10,9.625,78.4375,132.5
1.23313e+10,7,73.9375,-172,1.23313e+10,9.625,78.4375,132.5
1.23313e+10,7,73.9375,-172,1.23313e+10,9.625,78.4375,132.5
1.23313e+10,7,73.9375,-172,1.23313e+10,9.625,78.4375,132.5
1.23313e+10,7,74,-172,1.23313e+10,9.5625,78.4375,132.438
1.23313e+10,7,74,-172,1.23313e+10,9.5625,78.4375,132.375
1.23313e+10,7,74,-172,1.23313e+10,9.5625,78.4375,132.313
1.23313e+10,7,74,-172,1.23313e+10,9.5,78.4375,132.313
1.23313e+10,7,74,-172,1.23313e+10,9.5,78.4375,132.25
1.23313e+10,6.9375,74,-172,1.23313e+10,9.4375,78.375,132.313
1.23313e+10,6.9375,74,-172,1.23313e+10,9.4375,78.375,132.313
1.23313e+10,6.9375,74,-172,1.23313e+10,9.4375,78.375,132.438
1.23313e+10,6.9375,74,-172,1.23313e+10,9.4375,78.3125,132.5
1.23313e+10,6.9375,74,-172,1.23313e+10,9.375,78.3125,132.5
1.23313e+10,6.875,74,-172.063,1.23313e+10,9.3125,78.3125,132.438
1.23313e+10,6.875,74,-172.063,1.23313e+10,9.25,78.3125,132.375
1.23313e+10,6.8125,74,-172.063,1.23313e+10,9.1875,78.25,132.375
1.23313e+10,6.8125,74,-172.063,1.23313e+10,9.0625,78.1875,132.375
1.23313e+10,6.8125,74,-172.125,1.23313e+10,9,78.1875,132.438
1.23313e+10,6.8125,74,-172.125,1.23313e+10,9,78.125,132.563
1.23313e+10,6.8125,74,-172.125,1.23313e+10,9,78.125,132.5
1.23313e+10,6.75,74,-172.188,1.23313e+10,8.9375,78.1875,132.438
1.23313e+10,6.6875,73.9375,-172.313,1.23313e+10,8.9375,78.1875,132.375
1.23313e+10,6.625,73.875,-172.375,1.23313e+10,8.9375,78.25,132.313
1.23313e+10,6.5625,73.875,-172.438,1.23313e+10,8.9375,78.25,132.375
1.23313e+10,6.5625,73.875,-172.438,1.23313e+10,8.875,78.25,132.375
1.23313e+10,6.5625,73.875,-172.438,1.23313e+10,8.875,78.1875,132.375
1.23313e+10,6.5625,73.875,-172.438,1.23313e+10,8.875,78.1875,132.5
1.2332e+10,6.5625,73.875,-172.438,1.2332e+10,8.875,78.1875,132.5
1.2332e+10,6.5625,73.875,-172.438,1.2332e+10,8.9375,78.1875,132.563
1.2332e+10,6.5625,73.875,-172.438,1.2332e+10,8.9375,78.1875,132.563
1.2332e+10,6.5625,73.875,-172.438,1.2332e+10,9,78.1875,132.563
1.2332e+10,6.5625,73.875,-172.438,1.2332e+10,9,78.1875,132.438
1.2332e+10,6.5625,73.875,-172.438,1.2332e+10,9,78.1875,132.313
1.2332e+10,6.625,73.875,-172.375,1.2332e+10,9.0625,78.1875,132.188
1.2332e+10,6.6875,73.875,-172.375,1.2332e+10,9.0625,78.1875,132.125
1.2332e+10,6.6875,73.875,-172.375,1.2332e+10,9.125,78.25,132.125
1.2332e+10,6.6875,73.9375,-172.438,1.2332e+10,9.1875,78.25,132.25
1.2332e+10,6.6875,73.9375,-172.438,1.2332e+10,9.25,78.25,132.313
1.2332e+10,6.6875,73.9375,-172.375,1.2332e+10,9.25,78.25,132.25
1.2332e+10,6.75,73.9375,-172.375,1.2332e+10,9.25,78.25,132.25
1.2332e+10,6.75,74,-172.313,1.2332e+10,9.25,78.1875,132.188
1.2332e+10,6.8125,74,-172.313,1.2332e+10,9.3125,78.25,132.188
1.2332e+10,6.8125,74.0625,-172.25,1.2332e+10,9.375,78.25,132.125
1.2332e+10,6.875,74.0625,-172.25,1.2332e+10,9.4375,78.25,132.063
1.2332e+10,6.875,74.0625,-172.188,1.2332e+10,9.4375,78.25,131.938
1.2332e+10,6.9375,74.125,-172.125,1.2332e+10,9.4375,78.25,131.688
1.2332e+10,6.9375,74.125,-172.125,1.2332e+10,9.4375,78.25,131.375
1.2332e+10,6.875,74.125,-172.125,1.2332e+10,9.4375,78.25,131
1.2332e+10,6.875,74.1875,-172.125,1.2332e+10,9.375,78.25,130.688
1.2332e+10,6.875,74.1875,-172.063,1.2332e+10,9.4375,78.25,130.5
1.2332e+10,6.875,74.25,-172.063,1.2332e+10,9.4375,78.25,130.438
1.2332e+10,6.875,74.25,-172.063,1.2332e+10,9.4375,78.25,130.375
1.2332e+10,6.875,74.3125,-172,1.2332e+10,9.4375,78.25,130.438
1.2332e+10,6.875,74.375,-172,1.2332e+10,9.4375,78.25,130.563
1.2332e+10,6.8125,74.375,-172,1.2332e+10,9.5,78.1875,130.688
1.2332e+10,6.75,74.375,-172.063,1.2332e+10,9.5,78.1875,130.688
1.2332e+10,6.75,74.375,-172,1.2332e+10,9.5625,78.1875,130.75
1.2332e+10,6.75,74.375,-171.938,1.2332e+10,9.625,78.25,130.75
1.2332e+10,6.75,74.375,-171.813,1.2332e+10,9.6875,78.3125,130.75
1.2332e+10,6.8125,74.375,-171.813,1.2332e+10,9.6875,78.375,130.75
1.2332e+10,6.8125,74.375,-171.813,1.2332e+10,9.75,78.375,130.75
1.2332e+10,6.8125,74.4375,-171.75,1.2332e+10,9.6875,78.375,130.813
1.2332e+10,6.875,74.5,-171.688,1.2332e+10,9.6875,78.375,130.938
1.2332e+10,6.9375,74.5625,-171.563,1.2332e+10,9.6875,78.375,131.188
1.2332e+10,7,74.5625,-171.563,1.2332e+10,9.75,78.375,131.438
1.2332e+10,7,74.625,-171.5,1.2332e+10,9.75,78.3125,131.625
1.2332e+10,7.0625,74.625,-171.438,1.2332e+10,9.75,78.3125,131.875
1.2332e+10,7.0625,74.6875,-171.375,1.2332e+10,9.8125,78.3125,132.125
1.2332e+10,7.0625,74.6875,-171.375,1.2332e+10,9.8125,78.3125,132.25
1.2332e+10,7.125,74.6875,-171.313,1.2332e+10,9.8125,78.3125,132.375
1.2332e+10,7.125,74.6875,-171.313,1.2332e+10,9.8125,78.3125,132.438
1.2332e+10,7.125,74.6875,-171.313,1.2332e+10,9.8125,78.3125,132.563
1.2332e+10,7.125,74.6875,-171.313,1.2332e+10,9.8125,78.25,132.75
1.2332e+10,7.125,74.6875,-171.313,1.2332e+10,9.75,78.1875,133.063
1.2332e+10,7.125,74.6875,-171.313,1.2332e+10,9.75,78.125,133.313
1.2332e+10,7.0625,74.625,-171.375,1.2332e+10,9.6875,78.0625,133.5
1.2332e+10,7.0625,74.625,-171.375,1.2332e+10,9.6875,78.0625,133.625
1.2332e+10,7,74.5625,-171.438,1.2332e+10,9.6875,78.0625,133.688
1.2332e+10,7,74.5625,-171.5,1.2332e+10,9.75,78.0625,133.75
1.23321e+10,7,74.5,-171.5,1.23321e+10,9.75,78.0625,133.813
1.23321e+10,7,74.5,-171.5,1.23321e+10,9.75,78,133.75
1.23321e+10,7,74.5,-171.5,1.23321e+10,9.75,78,133.75
1.23321e+10,7,74.4375,-171.5,1.23321e+10,9.8125,78,133.75
1.23321e+10,7,74.4375,-171.5,1.23321e+10,9.8125,78,133.813
1.23321e+10,7,74.4375,-171.5,1.23321e+10,9.875,78,133.813
1.23321e+10,7,74.4375,-171.5,1.23321e+10,10,78.0625,133.75
1.23321e+10,7,74.375,-171.5,1.23321e+10,10.0625,78.0625,133.688
1.23321e+10,7,74.375,-171.5,1.23321e+10,10.0625,78.125,133.563
1.23321e+10,7,74.375,-171.5,1.23321e+10,10.0625,78.125,133.563
1.23321e+10,7.0625,74.375,-171.5,1.23321e+10,10.125,78.125,133.563
1.23321e+10,7.0625,74.375,-171.438,1.23321e+10,10.125,78.125,133.625
1.23321e+10,7.125,74.375,-171.438,1.23321e+10,10.1875,78.125,133.625
1.23321e+10,7.125,74.4375,-171.375,1.23321e+10,10.25,78.125,133.688
1.23321e+10,7.1875,74.4375,-171.313,1.23321e+10,10.25,78.125,133.75
1.23321e+10,7.1875,74.4375,-171.313,1.23321e+10,10.3125,78.125,133.813
1.23321e+10,7.25,74.4375,-171.313,1.23321e+10,10.375,78.125,133.875
1.23321e+10,7.25,74.4375,-171.25,1.23321e+10,10.4375,78.125,133.938
1.23321e+10,7.25,74.4375,-171.188,1.23321e+10,10.5,78.125,133.875
1.23321e+10,7.3125,74.5,-171.125,1.23321e+10,10.5625,78.125,133.813
1.23321e+10,7.375,74.5,-171.063,1.23321e+10,10.5625,78.1875,133.813
1.23321e+10,7.4375,74.5,-171,1.23321e+10,10.5625,78.125,133.875
1.23321e+10,7.5,74.5625,-171,1.23321e+10,10.5625,78.125,134.063
1.23321e+10,7.5,74.625,-170.938,1.23321e+10,10.5,78.0625,134.188
1.23321e+10,7.5625,74.625,-170.813,1.23321e+10,10.5,78,134.25
1.23321e+10,7.5625,74.6875,-170.75,1.23321e+10,10.5,78,134.25
1.23321e+10,7.5625,74.6875,-170.75,1.23321e+10,10.5,78,134.25
1.23321e+10,7.5625,74.6875,-170.688,1.23321e+10,10.5,78,134.25
1.23321e+10,7.5625,74.6875,-170.688,1.23321e+10,10.5,78,134.188
1.23321e+10,7.5625,74.75,-170.688,1.23321e+10,10.5,78,134.063
1.23321e+10,7.625,74.75,-170.625,1.23321e+10,10.4375,78,134.063
1.23321e+10,7.625,74.75,-170.625,1.23321e+10,10.4375,78,134.063
1.23321e+10,7.5625,74.75,-170.625,1.23321e+10,10.375,78,134
1.23321e+10,7.5625,74.75,-170.625,1.23321e+10,10.375,78,134.063
1.23321e+10,7.5625,74.75,-170.625,1.23321e+10,10.3125,78,134.188
1.23321e+10,7.5,74.75,-170.688,1.23321e+10,10.3125,77.9375,134.313
1.23321e+10,7.5,74.75,-170.688,1.23321e+10,10.25,77.9375,134.438
1.23321e+10,7.5,74.75,-170.688,1.23321e+10,10.25,77.875,134.5
1.23321e+10,7.5,74.75,-170.688,1.23321e+10,10.25,77.875,134.438
1.23321e+10,7.4375,74.75,-170.688,1.23321e+10,10.1875,77.8125,134.313
1.23321e+10,7.4375,74.75,-170.75,1.23321e+10,10.1875,77.8125,134.25
1.23321e+10,7.375,74.75,-170.813,1.23321e+10,10.125,77.8125,134.188
1.23321e+10,7.3125,74.6875,-170.875,1.23321e+10,10.0625,77.8125,134.063
1.23321e+10,7.25,74.6875,-171,1.23321e+10,10.125,77.8125,133.938
1.23321e+10,7.1875,74.625,-171.125,1.23321e+10,10.125,77.875,133.813
1.23321e+10,7.125,74.625,-171.188,1.23321e+10,10.1875,77.9375,133.688
1.23321e+10,7.125,74.5625,-171.313,1.23321e+10,10.1875,78,133.625
1.23321e+10,7.125,74.5625,-171.313,1.23321e+10,10.1875,78,133.625
1.23321e+10,7.0625,74.5,-171.375,1.23321e+10,10.1875,78,133.625
1.23321e+10,7.0625,74.5,-171.375,1.23321e+10,10.1875,78,133.563
1.23321e+10,7.0625,74.5,-171.375,1.23321e+10,10.1875,78.0625,133.438
1.23322e+10,7.0625,74.5,-171.375,1.23322e+10,10.1875,78.0625,133.313
1.23322e+10,7.0625,74.5,-171.375,1.23322e+10,10.1875,78.0625,133.125
1.23322e+10,7.0625,74.5,-171.438,1.23322e+10,10.25,78.125,133
1.23322e+10,7.0625,74.5,-171.438,1.23322e+10,10.25,78.1875,132.875
1.23322e+10,7.0625,74.5,-171.438,1.23322e+10,10.3125,78.25,132.75
1.23322e+10,7.0625,74.5,-171.438,1.23322e+10,10.375,78.25,132.625
1.23322e+10,7.0625,74.5,-171.438,1.23322e+10,10.375,78.3125,132.5
1.23322e+10,7.125,74.5,-171.438,1.23322e+10,10.375,78.3125,132.438
1.23322e+10,7.125,74.5,-171.375,1.23322e+10,10.375,78.3125,132.563
1.23322e+10,7.125,74.5,-171.375,1.23322e+10,10.4375,78.3125,132.75
1.23322e+10,7.125,74.5,-171.375,1.23322e+10,10.5,78.3125,132.938
1.23322e+10,7.125,74.5,-171.375,1.23322e+10,10.5,78.375,133.063
1.23322e+10,7.125,74.5625,-171.375,1.23322e+10,10.5,78.375,133.125
1.23322e+10,7.125,74.5625,-171.375,1.23322e+10,10.4375,78.375,133
1.23322e+10,7.125,74.5625,-171.375,1.23322e+10,10.4375,78.375,132.938
1.23322e+10,7.125,74.5625,-171.375,1.23322e+10,10.4375,78.4375,132.813
1.23322e+10,7.125,74.5625,-171.375,1.23322e+10,10.4375,78.4375,132.813
1.23322e+10,7.125,74.625,-171.313,1.23322e+10,10.5,78.4375,132.813
1.23322e+10,7.125,74.625,-171.313,1.23322e+10,10.5625,78.4375,132.875
1.23322e+10,7.1875,74.625,-171.25,1.23322e+10,10.5625,78.4375,132.813
1.23322e+10,7.1875,74.6875,-171.25,1.23322e+10,10.5625,78.4375,132.688
1.23322e+10,7.1875,74.6875,-171.25,1.23322e+10,10.5625,78.4375,132.5
1.23322e+10,7.25,74.75,-171.188,1.23322e+10,10.5,78.4375,132.438
1.23322e+10,7.25,74.75,-171.125,1.23322e+10,10.5,78.4375,132.563
1.23322e+10,7.25,74.75,-171.125,1.23322e+10,10.4375,78.375,132.625
1.23322e+10,7.25,74.75,-171.125,1.23322e+10,10.4375,78.3125,132.625
1.23322e+10,7.25,74.75,-171.125,1.23322e+10,10.4375,78.3125,132.563
1.23322e+10,7.1875,74.75,-171.125,1.23322e+10,10.4375,78.3125,132.375
1.23322e+10,7.1875,74.75,-171.063,1.23322e+10,10.4375,78.3125,132.063
1.23322e+10,7.1875,74.75,-171.063,1.23322e+10,10.375,78.3125,131.75
1.23322e+10,7.1875,74.75,-171.063,1.23322e+10,10.375,78.3125,131.375
1.23322e+10,7.1875,74.8125,-171.063,1.23322e+10,10.3125,78.3125,131.063
1.23322e+10,7.1875,74.8125,-171.063,1.23322e+10,10.3125,78.3125,130.875
1.23322e+10,7.1875,74.875,-171,1.23322e+10,10.25,78.3125,130.688
1.23322e+10,7.1875,74.875,-171,1.23322e+10,10.25,78.3125,130.5
1.23322e+10,7.125,74.875,-171,1.23322e+10,10.25,78.3125,130.438
1.23322e+10,7.125,74.875,-171,1.23322e+10,10.25,78.3125,130.313
1.23322e+10,7.125,74.875,-171.063,1.23322e+10,10.25,78.3125,130.188
1.23322e+10,7.0625,74.875,-171.063,1.23322e+10,10.25,78.3125,130.063
1.23322e+10,7.0625,74.875,-171.063,1.23322e+10,10.1875,78.3125,130
1.23322e+10,7.0625,74.9375,-171.063,1.23322e+10,10.125,78.3125,130
1.23322e+10,7.0625,74.9375,-171.063,1.23322e+10,10.0625,78.3125,129.938
1.23322e+10,7.0625,74.9375,-171.063,1.23322e+10,10,78.25,130
1.23322e+10,7.0625,74.9375,-171.063,1.23322e+10,10,78.1875,130.188
1.23322e+10,7.0625,74.9375,-171.063,1.23322e+10,10,78.1875,130.25
1.23322e+10,7,74.875,-171.125,1.23322e+10,10,78.1875,130.25
1.23322e+10,7,74.875,-171.125,1.23322e+10,10,78.25,130.375
1.23322e+10,7,74.875,-171.125,1.23322e+10,9.9375,78.1875,130.563
1.23322e+10,7,74.875,-171.125,1.23322e+10,9.9375,78.1875,130.75
1.23322e+10,7,74.9375,-171.125,1.23322e+10,9.875,78.1875,130.938
1.23322e+10,7,74.9375,-171.125,1.23322e+10,9.875,78.1875,131.125
1.23323e+10,6.9375,74.9375,-171.125,1.23323e+10,9.9375,78.1875,131.25
1.23323e+10,6.9375,74.9375,-171.125,1.23323e+10,9.9375,78.25,131.313
1.23323e+10,6.9375,74.9375,-171.125,1.23323e+10,10,78.25,131.375
1.23323e+10,6.875,75,-171.188,1.23323e+10,10,78.3125,131.25
1.23323e+10,6.875,75,-171.125,1.23323e+10,10,78.3125,131.188
1.23323e+10,6.875,75,-171.125,1.23323e+10,10,78.3125,131.063
1.23323e+10,6.875,75,-171.125,1.23323e+10,10.0625,78.375,131
1.23323e+10,6.875,75.0625,-171.125,1.23323e+10,10.0625,78.375,130.875
1.23323e+10,6.875,75.0625,-171.125,1.23323e+10,10.0625,78.4375,130.813
1.23323e+10,6.875,75.0625,-171.125,1.23323e+10,10.125,78.4375,130.75
1.23323e+10,6.9375,75.125,-171.063,1.23323e+10,10.125,78.5,130.75
1.23323e+10,6.9375,75.125,-171,1.23323e+10,10.125,78.5,130.688
1.23323e+10,6.9375,75.125,-171,1.23323e+10,10.125,78.5,130.563
1.23323e+10,6.9375,75.1875,-171,1.23323e+10,10.125,78.5625,130.438
1.23323e+10,6.9375,75.1875,-171,1.23323e+10,10.1875,78.625,130.188
1.23323e+10,6.9375,75.1875,-171,1.23323e+10,10.1875,78.625,130.063
1.23323e+10,6.9375,75.1875,-171,1.23323e+10,10.1875,78.6875,129.875
1.23323e+10,6.9375,75.1875,-171,1.23323e+10,10.1875,78.6875,129.625
1.23323e+10,6.9375,75.1875,-171,1.23323e+10,10.1875,78.75,129.438
1.23323e+10,6.875,75.25,-171,1.23323e+10,10.1875,78.75,129.188
1.23323e+10,6.8125,75.25,-171,1.23323e+10,10.1875,78.8125,129
1.23323e+10,6.75,75.25,-171,1.23323e+10,10.1875,78.875,128.75
1.23323e+10,6.75,75.25,-171,1.23323e+10,10.1875,78.875,128.438
1.23323e+10,6.6875,75.25,-170.938,1.23323e+10,10.1875,78.9375,128.125
1.23323e+10,6.625,75.25,-170.938,1.23323e+10,10.1875,79,127.688
1.23323e+10,6.5625,75.25,-170.813,1.23323e+10,10.1875,79.0625,127.313
1.23323e+10,6.5625,75.3125,-170.813,1.23323e+10,10.125,79.0625,127.063
1.23323e+10,6.5625,75.3125,-170.813,1.23323e+10,10.125,79.0625,127
1.23323e+10,6.5625,75.3125,-170.813,1.23323e+10,10.0625,79.0625,126.938
1.23323e+10,6.5625,75.3125,-170.813,1.23323e+10,10.0625,79.0625,127.063
1.23323e+10,6.5625,75.3125,-170.813,1.23323e+10,10,79.0625,127.25
1.23323e+10,6.5,75.3125,-170.813,1.23323e+10,10,79.0625,127.438
1.23323e+10,6.5,75.3125,-170.875,1.23323e+10,9.9375,79.0625,127.625
1.23323e+10,6.4375,75.3125,-170.875,1.23323e+10,9.9375,79,127.813
1.23323e+10,6.4375,75.3125,-170.813,1.23323e+10,9.9375,79,127.938
1.23323e+10,6.4375,75.3125,-170.813,1.23323e+10,9.9375,78.9375,128.25
1.23323e+10,6.4375,75.3125,-170.875,1.23323e+10,9.9375,78.875,128.688
1.23323e+10,6.4375,75.25,-170.938,1.23323e+10,9.9375,78.875,129.188
1.23323e+10,6.375,75.25,-171,1.23323e+10,9.9375,78.75,129.688
1.23323e+10,6.375,75.25,-171,1.23323e+10,9.9375,78.75,129.875
1.23323e+10,6.375,75.25,-171,1.23323e+10,9.875,78.75,129.813
1.23323e+10,6.375,75.25,-171.063,1.23323e+10,9.8125,78.75,129.75
1.23323e+10,6.375,75.1875,-171.125,1.23323e+10,9.6875,78.6875,129.875
1.23323e+10,6.4375,75.1875,-171.188,1.23323e+10,9.625,78.625,130.313
1.23323e+10,6.4375,75.125,-171.25,1.23323e+10,9.625,78.5625,130.75
1.23323e+10,6.4375,75.125,-171.25,1.23323e+10,9.6875,78.5,131.063
1.23323e+10,6.4375,75.0625,-171.25,1.23323e+10,9.6875,78.5,131.188
1.23323e+10,6.5,75,-171.25,1.23323e+10,9.6875,78.5,131.188
1.23323e+10,6.5,74.9375,-171.25,1.23323e+10,9.75,78.5,131.188
1.23323e+10,6.5,74.875,-171.313,1.23323e+10,9.75,78.5625,131.25
1.23323e+10,6.5625,74.8125,-171.313,1.23323e+10,9.8125,78.625,131.125
1.23323e+10,6.5625,74.75,-171.25,1.23323e+10,9.8125,78.6875,131
1.2333e+10,6.5625,74.75,-171.25,1.2333e+10,9.875,78.75,130.813
1.2333e+10,6.5625,74.75,-171.188,1.2333e+10,9.875,78.75,130.75
1.2333e+10,6.5625,74.75,-171.188,1.2333e+10,9.9375,78.875,130.563
1.2333e+10,6.5625,74.75,-171.25,1.2333e+10,9.9375,78.9375,130.375
1.2333e+10,6.5625,74.75,-171.25,1.2333e+10,10,78.9375,130.25
1.2333e+10,6.5625,74.75,-171.25,1.2333e+10,10,79,130.188
1.2333e+10,6.5625,74.75,-171.188,1.2333e+10,10,79,130.188
1.2333e+10,6.625,74.8125,-171.125,1.2333e+10,9.9375,79.0625,130.25
1.2333e+10,6.625,74.8125,-171.063,1.2333e+10,9.9375,79.0625,130.5
1.2333e+10,6.625,74.8125,-171.063,1.2333e+10,10,79,130.688
1.2333e+10,6.625,74.8125,-171.063,1.2333e+10,10,79.0625,130.75
1.2333e+10,6.625,74.875,-171,1.2333e+10,10,79.0625,130.875
1.2333e+10,6.6875,74.875,-171,1.2333e+10,10.0625,79.0625,130.938
1.2333e+10,6.8125,74.9375,-170.813,1.2333e+10,10,79.0625,131.063
1.2333e+10,6.8125,75,-170.813,1.2333e+10,10,79.0625,131.188
1.2333e+10,6.9375,75,-170.75,1.2333e+10,10,79.0625,131.375
1.2333e+10,6.9375,75,-170.75,1.2333e+10,9.9375,79,131.625
1.2333e+10,6.9375,75.0625,-170.75,1.2333e+10,9.9375,78.9375,131.938
1.2333e+10,6.9375,75,-170.75,1.2333e+10,10,78.9375,132.125
1.2333e+10,6.9375,75,-170.813,1.2333e+10,10.0625,78.9375,132.313
1.2333e+10,6.9375,74.9375,-170.813,1.2333e+10,10.0625,79,132.313
1.2333e+10,6.9375,74.9375,-170.813,1.2333e+10,10.0625,79.0625,132.125
1.2333e+10,6.9375,74.875,-170.813,1.2333e+10,10.0625,79.0625,131.938
1.2333e+10,6.9375,74.875,-170.813,1.2333e+10,10.0625,79.0625,131.813
1.2333e+10,6.9375,74.875,-170.875,1.2333e+10,10,79.125,131.563
1.2333e+10,6.9375,74.875,-170.813,1.2333e+10,10,79.1875,131.188
1.2333e+10,6.875,74.875,-170.875,1.2333e+10,9.9375,79.1875,131.063
1.2333e+10,6.875,74.875,-170.875,1.2333e+10,9.9375,79.1875,131.063
1.2333e+10,6.875,74.875,-170.875,1.2333e+10,9.9375,79.1875,131.125
1.2333e+10,6.875,74.875,-170.813,1.2333e+10,9.9375,79.1875,131.188
1.2333e+10,6.9375,74.875,-170.813,1.2333e+10,10,79.1875,131.313
1.2333e+10,6.9375,74.9375,-170.813,1.2333e+10,10,79.1875,131.5
1.2333e+10,7,74.9375,-170.813,1.2333e+10,10,79.125,131.75
1.2333e+10,7,74.9375,-170.875,1.2333e+10,10.0625,79.125,131.813
1.2333e+10,7,74.9375,-170.938,1.2333e+10,10.0625,79.0625,132.125
1.2333e+10,7,74.9375,-171,1.2333e+10,10,79,132.313
1.2333e+10,7,74.9375,-171.063,1.2333e+10,10,78.9375,132.313
1.2333e+10,7,74.9375,-171.063,1.2333e+10,9.9375,78.875,132.25
1.2333e+10,7,74.9375,-171.125,1.2333e+10,9.875,78.8125,132.188
1.2333e+10,6.9375,74.9375,-171.25,1.2333e+10,9.875,78.6875,132.375
1.2333e+10,6.9375,74.9375,-171.313,1.2333e+10,9.875,78.625,132.625
1.2333e+10,6.9375,74.875,-171.313,1.2333e+10,9.875,78.625,132.75
1.2333e+10,6.9375,74.875,-171.313,1.2333e+10,9.875,78.625,132.75
1.2333e+10,6.9375,74.875,-171.313,1.2333e+10,9.875,78.5625,132.75
1.2333e+10,6.9375,74.875,-171.313,1.2333e+10,9.8125,78.5,132.813
1.2333e+10,7,74.875,-171.313,1.2333e+10,9.8125,78.4375,132.75
1.2333e+10,7,74.875,-171.313,1.2333e+10,9.8125,78.375,132.625
1.2333e+10,7,74.875,-171.313,1.2333e+10,9.8125,78.4375,132.438
1.2333e+10,7,74.875,-171.375,1.2333e+10,9.8125,78.4375,132.25
1.2333e+10,7,74.875,-171.375,1.2333e+10,9.8125,78.5,132
1.2333e+10,7,74.8125,-171.375,1.2333e+10,9.8125,78.5625,131.625
1.2333e+10,7,74.8125,-171.375,1.2333e+10,9.8125,78.5625,131.188
1.23331e+10,7,74.8125,-171.438,1.23331e+10,9.8125,78.5625,130.813
1.23331e+10,6.9375,74.8125,-171.438,1.23331e+10,9.8125,78.625,130.688
1.23331e+10,6.9375,74.8125,-171.438,1.23331e+10,9.875,78.625,130.5
1.23331e+10,6.875,74.8125,-171.5,1.23331e+10,9.875,78.6875,130.438
1.23331e+10,6.875,74.8125,-171.5,1.23331e+10,9.9375,78.6875,130.313
1.23331e+10,6.875,74.8125,-171.5,1.23331e+10,9.9375,78.6875,130.25
1.23331e+10,6.875,74.8125,-171.5,1.23331e+10,9.9375,78.6875,130.188
1.23331e+10,6.9375,74.8125,-171.5,1.23331e+10,9.9375,78.75,130.063
1.23331e+10,6.9375,74.8125,-171.5,1.23331e+10,9.9375,78.75,129.938
1.23331e+10,6.9375,74.8125,-171.5,1.23331e+10,9.9375,78.75,129.875
1.23331e+10,6.9375,74.8125,-171.5,1.23331e+10,10,78.8125,129.813
1.23331e+10,6.875,74.8125,-171.5,1.23331e+10,10,78.8125,129.875
1.23331e+10,6.8125,74.8125,-171.5,1.23331e+10,10,78.8125,129.875
1.23331e+10,6.8125,74.8125,-171.5,1.23331e+10,10,78.875,129.938
1.23331e+10,6.8125,74.8125,-171.5,1.23331e+10,9.9375,78.875,129.938
1.23331e+10,6.8125,74.8125,-171.5,1.23331e+10,9.9375,78.875,129.938
1.23331e+10,6.8125,74.875,-171.5,1.23331e+10,9.9375,78.875,129.875
1.23331e+10,6.8125,74.875,-171.5,1.23331e+10,9.9375,78.875,129.938
1.23331e+10,6.875,74.875,-171.438,1.23331e+10,9.9375,78.8125,130.125
1.23331e+10,6.875,74.9375,-171.438,1.23331e+10,10,78.8125,130.25
1.23331e+10,6.875,74.9375,-171.375,1.23331e+10,10,78.8125,130.438
1.23331e+10,6.9375,74.9375,-171.313,1.23331e+10,10,78.75,130.5
1.23331e+10,6.875,74.9375,-171.25,1.23331e+10,10,78.75,130.75
1.23331e+10,6.875,74.9375,-171.188,1.23331e+10,10,78.6875,130.938
1.23331e+10,6.875,74.875,-171.188,1.23331e+10,10,78.6875,130.938
1.23331e+10,6.875,74.875,-171.188,1.23331e+10,9.9375,78.6875,130.813
1.23331e+10,6.875,74.9375,-171.125,1.23331e+10,9.9375,78.75,130.625
1.23331e+10,6.9375,74.9375,-171.188,1.23331e+10,9.9375,78.75,130.563
1.23331e+10,6.875,74.9375,-171.188,1.23331e+10,9.9375,78.75,130.563
1.23331e+10,6.875,74.9375,-171.188,1.23331e+10,10,78.75,130.688
1.23331e+10,6.875,74.9375,-171.188,1.23331e+10,10.0625,78.75,130.875
1.23331e+10,6.875,74.9375,-171.188,1.23331e+10,10.0625,78.75,131
1.23331e+10,6.9375,74.9375,-171.188,1.23331e+10,10.0625,78.75,131.063
1.23331e+10,6.9375,74.9375,-171.188,1.23331e+10,10,78.6875,131.188
1.23331e+10,7,74.9375,-171.188,1.23331e+10,10,78.625,131.375
1.23331e+10,7,74.9375,-171.188,1.23331e+10,9.9375,78.5625,131.563
1.23331e+10,7,74.9375,-171.188,1.23331e+10,10,78.5,131.813
1.23331e+10,7,74.875,-171.188,1.23331e+10,10,78.5,131.875
1.23331e+10,6.9375,74.875,-171.25,1.23331e+10,10,78.5,131.688
1.23331e+10,6.9375,74.8125,-171.25,1.23331e+10,10,78.5,131.375
1.23331e+10,6.9375,74.8125,-171.25,1.23331e+10,10,78.5625,131.188
1.23331e+10,6.9375,74.8125,-171.313,1.23331e+10,10,78.5625,131.063
1.23331e+10,6.9375,74.75,-171.313,1.23331e+10,10,78.625,130.75
1.23331e+10,6.9375,74.75,-171.375,1.23331e+10,10,78.6875,130.563
1.23331e+10,6.9375,74.75,-171.375,1.23331e+10,10,78.625,130.5
1.23331e+10,6.9375,74.75,-171.375,1.23331e+10,10,78.625,130.563
1.23331e+10,6.9375,74.75,-171.375,1.23331e+10,10.0625,78.625,130.625
1.23331e+10,6.9375,74.75,-171.313,1.23331e+10,10.125,78.625,130.688
1.23331e+10,6.9375,74.75,-171.313,1.23331e+10,10.125,78.6875,130.688
1.23331e+10,7,74.75,-171.313,1.23331e+10,10.1875,78.6875,130.563
1.23331e+10,7,74.75,-171.25,1.23331e+10,10.1875,78.75,130.375
1.23332e+10,7,74.75,-171.25,1.23332e+10,10.1875,78.75,130.188
1.23332e+10,7,74.75,-171.313,1.23332e+10,10.1875,78.8125,130.063
1.23332e+10,7,74.75,-171.313,1.23332e+10,10.1875,78.875,129.938
1.23332e+10,6.9375,74.75,-171.313,1.23332e+10,10.25,78.9375,129.813
1.23332e+10,6.9375,74.75,-171.25,1.23332e+10,10.3125,79,129.625
1.23332e+10,6.9375,74.75,-171.25,1.23332e+10,10.3125,79,129.438
1.23332e+10,6.9375,74.75,-171.25,1.23332e+10,10.3125,79.0625,129.313
1.23332e+10,6.9375,74.75,-171.25,1.23332e+10,10.3125,79.0625,129.188
1.23332e+10,6.9375,74.75,-171.25,1.23332e+10,10.3125,79.125,128.938
1.23332e+10,6.9375,74.75,-171.313,1.23332e+10,10.3125,79.125,128.688
1.23332e+10,6.875,74.75,-171.313,1.23332e+10,10.3125,79.1875,128.438
1.23332e+10,6.875,74.75,-171.375,1.23332e+10,10.3125,79.25,128.188
1.23332e+10,6.875,74.75,-171.313,1.23332e+10,10.3125,79.1875,128.125
1.23332e+10,6.875,74.75,-171.313,1.23332e+10,10.25,79.1875,128.063
1.23332e+10,6.9375,74.75,-171.313,1.23332e+10,10.25,79.125,128.063
1.23332e+10,7,74.8125,-171.25,1.23332e+10,10.25,79.125,128.188
1.23332e+10,7,74.8125,-171.188,1.23332e+10,10.3125,79.125,128.438
1.23332e+10,7,74.8125,-171.188,1.23332e+10,10.3125,79.125,128.625
1.23332e+10,7,74.8125,-171.188,1.23332e+10,10.375,79.125,128.75
1.23332e+10,7,74.8125,-171.188,1.23332e+10,10.375,79.125,128.813
1.23332e+10,7,74.8125,-171.188,1.23332e+10,10.3125,79.125,128.75
1.23332e+10,7,74.8125,-171.188,1.23332e+10,10.3125,79.125,128.625
1.23332e+10,6.9375,74.8125,-171.188,1.23332e+10,10.1875,79.1875,128.313
1.23332e+10,6.9375,74.8125,-171.063,1.23332e+10,10.125,79.1875,128
1.23332e+10,6.9375,74.8125,-171,1.23332e+10,10.0625,79.1875,127.813
1.23332e+10,6.9375,74.875,-171,1.23332e+10,10.0625,79.25,127.813
1.23332e+10,7,74.875,-170.938,1.23332e+10,10.0625,79.25,127.938
1.23332e+10,7,74.875,-170.938,1.23332e+10,10.0625,79.1875,128.063
1.23332e+10,7,74.875,-170.938,1.23332e+10,10,79.1875,128.25
1.23332e+10,7,74.875,-170.938,1.23332e+10,9.9375,79.125,128.438
1.23332e+10,7,74.875,-170.938,1.23332e+10,9.875,79.125,128.625
1.23332e+10,7.0625,74.875,-170.938,1.23332e+10,9.875,79.125,128.75
1.23332e+10,7.125,74.875,-170.875,1.23332e+10,9.875,79.1875,129
1.23332e+10,7.125,74.875,-170.875,1.23332e+10,9.9375,79.1875,129.375
1.23332e+10,7.0625,74.875,-170.875,1.23332e+10,9.9375,79.1875,129.438
1.23332e+10,7.0625,74.875,-170.875,1.23332e+10,9.9375,79.1875,129.625
1.23332e+10,7.0625,74.875,-170.938,1.23332e+10,9.9375,79.125,129.75
1.23332e+10,7,74.875,-171,1.23332e+10,9.875,79.0625,129.813
1.23332e+10,7,74.8125,-171.063,1.23332e+10,9.8125,79,129.875
1.23332e+10,7,74.8125,-171.188,1.23332e+10,9.8125,79,129.875
1.23332e+10,7,74.8125,-171.188,1.23332e+10,9.8125,79,129.875
1.23332e+10,7,74.8125,-171.188,1.23332e+10,9.875,78.9375,130
1.23332e+10,7,74.8125,-171.25,1.23332e+10,9.875,78.9375,130.125
1.23332e+10,7,74.75,-171.25,1.23332e+10,9.875,78.9375,130.125
1.23332e+10,7.0625,74.75,-171.188,1.23332e+10,9.875,78.875,130
1.23332e+10,7.0625,74.75,-171.25,1.23332e+10,9.875,78.9375,129.813
1.23332e+10,7.0625,74.6875,-171.313,1.23332e+10,9.9375,78.9375,129.688
1.23332e+10,7.0625,74.6875,-171.313,1.23332e+10,10,78.9375,129.563
1.23332e+10,7.0625,74.6875,-171.313,1.23332e+10,10.0625,79,129.563
1.23332e+10,7.0625,74.6875,-171.313,1.23332e+10,10.125,79,129.688
1.23332e+10,7.0625,74.6875,-171.25,1.23332e+10,10.25,79.0625,129.813
1.23333e+10,7.125,74.6875,-171.313,1.23333e+10,10.25,79.0625,129.875
1.23333e+10,7.125,74.6875,-171.313,1.23333e+10,10.3125,79.0625,129.875
1.23333e+10,7.1875,74.6875,-171.25,1.23333e+10,10.3125,79.125,129.813
1.23333e+10,7.25,74.6875,-171.25,1.23333e+10,10.3125,79.125,129.813
1.23333e+10,7.25,74.6875,-171.188,1.23333e+10,10.375,79.1875,129.813
1.23333e+10,7.25,74.6875,-171.188,1.23333e+10,10.4375,79.1875,129.875
1.23333e+10,7.3125,74.6875,-171.188,1.23333e+10,10.4375,79.25,129.938
1.23333e+10,7.3125,74.6875,-171.125,1.23333e+10,10.4375,79.25,129.813
1.23333e+10,7.375,74.6875,-171.125,1.23333e+10,10.5,79.3125,129.563
1.23333e+10,7.375,74.6875,-171.125,1.23333e+10,10.5,79.3125,129.313
1.23333e+10,7.375,74.6875,-171.125,1.23333e+10,10.5,79.375,129.25
1.23333e+10,7.375,74.6875,-171.125,1.23333e+10,10.5,79.375,129.063
1.23333e+10,7.375,74.6875,-171.063,1.23333e+10,10.5,79.4375,128.875
1.23333e+10,7.375,74.6875,-171.063,1.23333e+10,10.5625,79.4375,128.75
1.23333e+10,7.375,74.6875,-171.063,1.23333e+10,10.5625,79.4375,128.688
1.23333e+10,7.4375,74.6875,-171.063,1.23333e+10,10.5,79.4375,128.688
1.23333e+10,7.4375,74.6875,-171,1.23333e+10,10.5,79.375,128.75
1.23333e+10,7.5,74.75,-171,1.23333e+10,10.5,79.3125,128.875
1.23333e+10,7.5,74.75,-170.938,1.23333e+10,10.4375,79.25,128.938
1.23333e+10,7.5,74.75,-170.938,1.23333e+10,10.5,79.1875,129.188
1.23333e+10,7.5,74.75,-170.938,1.23333e+10,10.5,79.1875,129.5
1.23333e+10,7.5,74.75,-170.875,1.23333e+10,10.5,79.125,129.688
1.23333e+10,7.5,74.75,-170.813,1.23333e+10,10.5,79.125,129.688
1.23333e+10,7.5,74.75,-170.75,1.23333e+10,10.4375,79.0625,129.563
1.23333e+10,7.5,74.75,-170.688,1.23333e+10,10.4375,79.0625,129.375
1.23333e+10,7.5,74.75,-170.688,1.23333e+10,10.375,79.0625,129.25
1.23333e+10,7.5625,74.8125,-170.563,1.23333e+10,10.375,79,129.188
1.23333e+10,7.625,74.875,-170.5,1.23333e+10,10.375,79,129.188
1.23333e+10,7.6875,74.9375,-170.438,1.23333e+10,10.375,78.9375,129.438
1.23333e+10,7.6875,74.9375,-170.375,1.23333e+10,10.4375,78.875,129.813
1.23333e+10,7.6875,75,-170.375,1.23333e+10,10.4375,78.8125,130.25
1.23333e+10,7.6875,75,-170.313,1.23333e+10,10.4375,78.75,130.688
1.23333e+10,7.6875,75,-170.313,1.23333e+10,10.4375,78.625,130.938
1.23333e+10,7.625,75,-170.375,1.23333e+10,10.4375,78.5625,131.25
1.23333e+10,7.625,75,-170.375,1.23333e+10,10.4375,78.5625,131.313
1.23333e+10,7.625,75,-170.375,1.23333e+10,10.4375,78.5,131.438
1.23333e+10,7.625,75,-170.375,1.23333e+10,10.375,78.4375,131.625
1.23333e+10,7.625,75,-170.375,1.23333e+10,10.3125,78.3125,131.75
1.23333e+10,7.625,75,-170.375,1.23333e+10,10.25,78.25,131.75
1.23333e+10,7.625,75,-170.375,1.23333e+10,10.25,78.1875,131.813
1.23333e+10,7.5625,75,-170.438,1.23333e+10,10.1875,78.1875,131.938
1.23333e+10,7.5625,74.9375,-170.563,1.23333e+10,10.1875,78.125,132.063
1.23333e+10,7.5,74.9375,-170.688,1.23333e+10,10.1875,78.125,132.188
1.23333e+10,7.375,74.875,-170.813,1.23333e+10,10.1875,78.125,132.25
1.23333e+10,7.3125,74.8125,-170.875,1.23333e+10,10.1875,78.125,132.125
1.23333e+10,7.3125,74.8125,-170.875,1.23333e+10,10.0625,78.125,132.188
1.23333e+10,7.3125,74.8125,-170.875,1.23333e+10,10.0625,78.0625,132.313
1.23333e+10,7.3125,74.8125,-170.875,1.23333e+10,10,78.0625,132.438
1.23333e+10,7.25,74.8125,-170.938,1.23333e+10,10,78.0625,132.438
1.23333e+10,7.25,74.8125,-170.938,1.23333e+10,10,78.0625,132.375
1.23333e+10,7.25,74.8125,-171,1.23333e+10,10,78.125,132.313
1.3e+10,7.1875,74.8125,-171,1.3e+10,10,78.125,132.125
1.3e+10,7.1875,74.8125,-171,1.3e+10,10,78.1875,132
1.3e+10,7.1875,74.8125,-171,1.3e+10,9.9375,78.1875,131.813
1.3e+10,7.1875,74.8125,-171,1.3e+10,9.9375,78.1875,131.625
1.3e+10,7.1875,74.8125,-171.063,1.3e+10,9.9375,78.25,131.563
1.3e+10,7.125,74.8125,-171.063,1.3e+10,10,78.25,131.563
1.3e+10,7.125,74.8125,-171.063,1.3e+10,10,78.3125,131.625
1.3e+10,7.1875,74.8125,-171,1.3e+10,10.0625,78.375,131.688
1.3e+10,7.1875,74.8125,-171,1.3e+10,10.0625,78.375,131.625
1.3e+10,7.1875,74.8125,-171,1.3e+10,10.125,78.375,131.563
1.3e+10,7.25,74.8125,-171,1.3e+10,10.0625,78.4375,131.438
1.3e+10,7.25,74.8125,-171,1.3e+10,10.0625,78.4375,131.438
1.3e+10,7.25,74.8125,-171,1.3e+10,10.0625,78.4375,131.438
1.3e+10,7.25,74.8125,-170.938,1.3e+10,10.0625,78.4375,131.438
1.3e+10,7.3125,74.8125,-170.938,1.3e+10,10.0625,78.4375,131.438
1.3e+10,7.3125,74.875,-170.875,1.3e+10,10.125,78.4375,131.5
1.3e+10,7.375,74.875,-170.813,1.3e+10,10.125,78.375,131.625
1.3e+10,7.375,74.9375,-170.813,1.3e+10,10.125,78.375,131.75
1.3e+10,7.375,74.9375,-170.813,1.3e+10,10.125,78.375,131.938
1.3e+10,7.375,74.9375,-170.813,1.3e+10,10.0625,78.3125,132
1.3e+10,7.3125,74.9375,-170.813,1.3e+10,10.0625,78.3125,132.063
1.3e+10,7.3125,74.9375,-170.75,1.3e+10,10.0625,78.3125,132.063
1.3e+10,7.3125,74.9375,-170.688,1.3e+10,10.0625,78.3125,132
1.3e+10,7.3125,75,-170.625,1.3e+10,10.0625,78.375,131.875
1.3e+10,7.375,75,-170.563,1.3e+10,10.0625,78.375,131.813
1.3e+10,7.375,75.0625,-170.5,1.3e+10,10.0625,78.375,131.75
1.3e+10,7.375,75.0625,-170.5,1.3e+10,10,78.3125,131.688
1.3e+10,7.375,75.0625,-170.5,1.3e+10,10,78.3125,131.625
1.3e+10,7.375,75.0625,-170.5,1.3e+10,10,78.3125,131.625
1.3e+10,7.375,75.0625,-170.5,1.3e+10,10,78.3125,131.625
1.3e+10,7.375,75.0625,-170.5,1.3e+10,10.0625,78.375,131.625
1.3e+10,7.375,75.0625,-170.5,1.3e+10,10.0625,78.3125,131.75
1.3e+10,7.375,75.0625,-170.5,1.3e+10,10,78.25,131.813
1.3e+10,7.375,75.0625,-170.5,1.3e+10,10,78.25,132
1.3e+10,7.375,75.0625,-170.5,1.3e+10,10,78.1875,132.188
1.3e+10,7.3125,75.0625,-170.563,1.3e+10,10,78.125,132.25
1.3e+10,7.3125,75.0625,-170.563,1.3e+10,10,78.125,132.188
1.3e+10,7.3125,75,-170.688,1.3e+10,10,78.125,132.188
1.3e+10,7.25,74.9375,-170.813,1.3e+10,10.0625,78.1875,132
1.3e+10,7.1875,74.9375,-170.813,1.3e+10,10,78.125,131.875
1.3e+10,7.1875,74.9375,-170.875,1.3e+10,10,78.0625,131.938
1.3e+10,7.1875,74.9375,-170.875,1.3e+10,9.9375,78.0625,132.125
1.3e+10,7.1875,74.9375,-170.875,1.3e+10,9.9375,78,132.313
1.3e+10,7.1875,74.9375,-170.938,1.3e+10,10,78.0625,132.375
1.3e+10,7.1875,74.9375,-170.938,1.3e+10,10,78.0625,132.375
1.3e+10,7.125,74.9375,-170.938,1.3e+10,10,78.125,132.188
1.3e+10,7.125,74.9375,-171,1.3e+10,10,78.125,131.875
1.3e+10,7.0625,74.875,-171,1.3e+10,10,78.125,131.625
1.3e+10,7.0625,74.875,-171.063,1.3e+10,10,78.1875,131.5
1.3e+10,7,74.875,-171.125,1.3e+10,10,78.1875,131.375
1.3e+10,6.9375,74.875,-171.125,1.3e+10,10.0625,78.25,131.188
1.3e+10,7,74.875,-171.125,1.3e+10,10.125,78.3125,131.063
1.30001e+10,7,74.875,-171.125,1.30001e+10,10.125,78.375,131
1.30001e+10,7,74.875,-171.063,1.30001e+10,10.125,78.375,131.063
1.30001e+10,7.0625,74.875,-171.063,1.30001e+10,10.125,78.4375,131.125
1.30001e+10,7.0625,74.875,-171.063,1.30001e+10,10.125,78.4375,131.25
1.30001e+10,7.0625,74.875,-171.063,1.30001e+10,10.1875,78.5,131.375
1.30001e+10,7.0625,74.875,-171.063,1.30001e+10,10.1875,78.5625,131.313
1.30001e+10,7.125,74.875,-171.063,1.30001e+10,10.25,78.625,131.188
1.30001e+10,7.125,74.875,-171,1.30001e+10,10.25,78.6875,131.063
1.30001e+10,7.1875,74.875,-171,1.30001e+10,10.3125,78.75,130.875
1.30001e+10,7.1875,74.875,-170.938,1.30001e+10,10.3125,78.8125,130.688
1.30001e+10,7.1875,74.875,-170.938,1.30001e+10,10.3125,78.8125,130.563
1.30001e+10,7.1875,74.9375,-170.938,1.30001e+10,10.375,78.875,130.438
1.30001e+10,7.1875,74.9375,-170.938,1.30001e+10,10.375,78.9375,130.313
1.30001e+10,7.1875,74.9375,-170.875,1.30001e+10,10.375,78.9375,130.125
1.30001e+10,7.1875,75,-170.875,1.30001e+10,10.375,79,130.063
1.30001e+10,7.1875,75,-170.813,1.30001e+10,10.375,78.9375,130
1.30001e+10,7.1875,75.0625,-170.813,1.30001e+10,10.375,78.9375,130
1.30001e+10,7.1875,75.0625,-170.75,1.30001e+10,10.375,78.9375,130.063
1.30001e+10,7.25,75.0625,-170.688,1.30001e+10,10.375,78.9375,130.188
1.30001e+10,7.25,75.125,-170.688,1.30001e+10,10.375,78.875,130.25
1.30001e+10,7.25,75.125,-170.563,1.30001e+10,10.375,78.875,130.313
1.30001e+10,7.25,75.1875,-170.5,1.30001e+10,10.3125,78.875,130.313
1.30001e+10,7.1875,75.1875,-170.5,1.30001e+10,10.3125,78.875,130.375
1.30001e+10,7.1875,75.1875,-170.438,1.30001e+10,10.25,78.875,130.313
1.30001e+10,7.1875,75.1875,-170.375,1.30001e+10,10.25,78.8125,130.125
1.30001e+10,7.1875,75.1875,-170.375,1.30001e+10,10.25,78.875,130
1.30001e+10,7.1875,75.1875,-170.375,1.30001e+10,10.25,78.875,129.938
1.30001e+10,7.125,75.1875,-170.438,1.30001e+10,10.3125,78.9375,129.938
1.30001e+10,7.125,75.1875,-170.438,1.30001e+10,10.3125,78.9375,130.063
1.30001e+10,7.125,75.25,-170.438,1.30001e+10,10.375,78.9375,130.25
1.30001e+10,7.125,75.25,-170.438,1.30001e+10,10.375,78.9375,130.438
1.30001e+10,7.125,75.25,-170.438,1.30001e+10,10.375,78.9375,130.625
1.30001e+10,7.125,75.1875,-170.438,1.30001e+10,10.375,79,130.688
1.30001e+10,7.125,75.1875,-170.438,1.30001e+10,10.375,79,130.688
1.30001e+10,7.125,75.1875,-170.5,1.30001e+10,10.3125,79,130.625
1.30001e+10,7.0625,75.1875,-170.563,1.30001e+10,10.3125,78.9375,130.5
1.30001e+10,7,75.125,-170.688,1.30001e+10,10.25,78.9375,130.375
1.30001e+10,6.9375,75.0625,-170.813,1.30001e+10,10.25,78.9375,130.188
1.30001e+10,6.875,75.0625,-170.875,1.30001e+10,10.25,78.875,130.063
1.30001e+10,6.8125,75.0625,-171,1.30001e+10,10.1875,78.875,129.875
1.30001e+10,6.75,75.0625,-171.063,1.30001e+10,10.125,78.8125,129.813
1.30001e+10,6.6875,75.0625,-171.063,1.30001e+10,10.125,78.8125,129.813
1.30001e+10,6.625,75.0625,-171.125,1.30001e+10,10.125,78.75,129.938
1.30001e+10,6.5,75.0625,-171.188,1.30001e+10,10.0625,78.75,130
1.30001e+10,6.4375,75.0625,-171.25,1.30001e+10,10,78.75,130
1.30001e+10,6.375,75.0625,-171.313,1.30001e+10,9.9375,78.75,129.813
1.30001e+10,6.3125,75.0625,-171.375,1.30001e+10,9.8125,78.75,129.563
1.30001e+10,6.25,75.0625,-171.438,1.30001e+10,9.6875,78.75,129.375
1.30001e+10,6.1875,75.0625,-171.438,1.30001e+10,9.6875,78.75,129.313
1.30001e+10,6.125,75.0625,-171.5,1.30001e+10,9.625,78.8125,129.375
1.30001e+10,6.125,75.0625,-171.5,1.30001e+10,9.625,78.8125,129.375
1.30002e+10,6.125,75.0625,-171.5,1.30002e+10,9.625,78.875,129.375
1.30002e+10,6.125,75.0625,-171.5,1.30002e+10,9.625,78.875,129.313
1.30002e+10,6.0625,75.0625,-171.563,1.30002e+10,9.5625,78.875,129.375
1.30002e+10,6.0625,75.0625,-171.563,1.30002e+10,9.5625,78.9375,129.375
1.30002e+10,6.0625,75.0625,-171.563,1.30002e+10,9.5625,78.9375,129.375
1.30002e+10,6.0625,75.0625,-171.563,1.30002e+10,9.5,79,129.375
1.30002e+10,6,75.0625,-171.563,1.30002e+10,9.5,79,129.313
1.30002e+10,6,75.125,-171.5,1.30002e+10,9.5,79.0625,129.313
1.30002e+10,6,75.125,-171.5,1.30002e+10,9.5625,79.0625,129.313
1.30002e+10,6,75.125,-171.5,1.30002e+10,9.5625,79.125,129.188
1.30002e+10,6.0625,75.125,-171.5,1.30002e+10,9.5625,79.125,129.125
1.30002e+10,6.0625,75.125,-171.5,1.30002e+10,9.5625,79.125,129
1.30002e+10,6.125,75.125,-171.438,1.30002e+10,9.5625,79.125,129
1.30002e+10,6.1875,75.125,-171.375,1.30002e+10,9.5625,79.125,129.125
1.30002e+10,6.25,75.1875,-171.25,1.30002e+10,9.5625,79.125,129.188
1.30002e+10,6.25,75.1875,-171.25,1.30002e+10,9.5625,79.125,129.25
1.30002e+10,6.3125,75.1875,-171.188,1.30002e+10,9.5625,79.125,129.25
1.30002e+10,6.3125,75.1875,-171.25,1.30002e+10,9.5625,79.125,129.25
1.30002e+10,6.3125,75.1875,-171.25,1.30002e+10,9.625,79.125,129.125
1.30002e+10,6.3125,75.1875,-171.188,1.30002e+10,9.625,79.125,128.938
1.30002e+10,6.25,75.1875,-171.125,1.30002e+10,9.625,79.1875,128.688
1.30002e+10,6.25,75.1875,-171.125,1.30002e+10,9.625,79.25,128.375
1.30002e+10,6.25,75.125,-171.125,1.30002e+10,9.625,79.25,128.063
1.30002e+10,6.1875,75.125,-171.188,1.30002e+10,9.625,79.3125,127.813
1.30002e+10,6.1875,75.125,-171.188,1.30002e+10,9.625,79.3125,127.688
1.30002e+10,6.125,75.1875,-171.188,1.30002e+10,9.625,79.3125,127.625
1.30002e+10,6.0625,75.1875,-171.25,1.30002e+10,9.625,79.3125,127.75
1.30002e+10,6.0625,75.1875,-171.25,1.30002e+10,9.625,79.3125,127.938
1.30002e+10,6,75.1875,-171.313,1.30002e+10,9.625,79.25,128.25
1.30002e+10,6,75.1875,-171.313,1.30002e+10,9.625,79.25,128.438
1.30002e+10,6,75.1875,-171.313,1.30002e+10,9.5625,79.25,128.5
1.30002e+10,6,75.1875,-171.313,1.30002e+10,9.5,79.1875,128.563
1.30002e+10,6.0625,75.1875,-171.313,1.30002e+10,9.4375,79.1875,128.625
1.30002e+10,6,75.1875,-171.375,1.30002e+10,9.4375,79.125,128.625
1.30002e+10,6,75.1875,-171.5,1.30002e+10,9.4375,79.0625,128.75
1.30002e+10,5.9375,75.1875,-171.625,1.30002e+10,9.5,79.125,128.875
1.30002e+10,5.9375,75.1875,-171.75,1.30002e+10,9.625,79.125,128.938
1.30002e+10,5.875,75.125,-171.813,1.30002e+10,9.6875,79.25,128.938
1.30002e+10,5.875,75.0625,-171.875,1.30002e+10,9.6875,79.25,128.813
1.30002e+10,5.875,75.0625,-171.875,1.30002e+10,9.5625,79.25,128.625
1.30002e+10,5.9375,75,-171.875,1.30002e+10,9.5625,79.1875,128.563
1.30002e+10,5.9375,75,-171.875,1.30002e+10,9.5625,79.1875,128.688
1.30002e+10,5.9375,75,-171.938,1.30002e+10,9.625,79.25,128.813
1.30002e+10,5.9375,75,-171.938,1.30002e+10,9.6875,79.25,128.875
1.30002e+10,5.875,75,-171.938,1.30002e+10,9.75,79.25,129
1.30002e+10,5.875,75.0625,-171.938,1.30002e+10,9.75,79.25,128.938
1.30002e+10,5.875,75.0625,-171.938,1.30002e+10,9.75,79.25,128.875
1.30002e+10,5.9375,75.0625,-171.938,1.30002e+10,9.75,79.25,128.75
1.30002e+10,5.9375,75.0625,-171.875,1.30002e+10,9.8125,79.25,128.563
1.30002e+10,6,75,-171.875,1.30002e+10,9.875,79.375,128.188
1.30002e+10,6.0625,75,-171.875,1.30002e+10,9.9375,79.4375,127.75
1.30003e+10,6.0625,75,-171.813,1.30003e+10,10,79.5625,127.313
1.30003e+10,6.125,75,-171.813,1.30003e+10,10.0625,79.625,126.938
1.30003e+10,6.1875,74.9375,-171.875,1.30003e+10,10.125,79.625,126.75
1.30003e+10,6.25,74.9375,-171.875,1.30003e+10,10.1875,79.6875,126.75
1.30003e+10,6.25,74.9375,-171.875,1.30003e+10,10.3125,79.75,126.75
1.30003e+10,6.25,74.9375,-171.875,1.30003e+10,10.375,79.8125,126.75
1.30003e+10,6.25,74.9375,-171.875,1.30003e+10,10.4375,79.875,126.688
1.30003e+10,6.3125,74.875,-171.875,1.30003e+10,10.4375,79.875,126.625
1.30003e+10,6.375,74.875,-171.813,1.30003e+10,10.375,79.875,126.563
1.30003e+10,6.4375,74.875,-171.813,1.30003e+10,10.375,79.875,126.438
1.30003e+10,6.4375,74.875,-171.75,1.30003e+10,10.3125,79.875,126.438
1.30003e+10,6.5,74.875,-171.75,1.30003e+10,10.3125,79.875,126.375
1.30003e+10,6.5,74.875,-171.75,1.30003e+10,10.375,79.9375,126.438
1.30003e+10,6.5625,74.9375,-171.688,1.30003e+10,10.4375,79.9375,126.5
1.30003e+10,6.5625,74.9375,-171.625,1.30003e+10,10.4375,79.9375,126.625
1.30003e+10,6.5625,74.9375,-171.625,1.30003e+10,10.375,79.9375,126.75
1.30003e+10,6.5,74.9375,-171.625,1.30003e+10,10.3125,79.875,126.813
1.30003e+10,6.5,74.9375,-171.563,1.30003e+10,10.3125,79.875,126.875
1.30003e+10,6.5,74.9375,-171.438,1.30003e+10,10.3125,79.875,126.875
1.30003e+10,6.5,74.9375,-171.375,1.30003e+10,10.3125,79.875,126.75
1.30003e+10,6.4375,74.875,-171.375,1.30003e+10,10.3125,79.875,126.563
1.30003e+10,6.4375,74.875,-171.375,1.30003e+10,10.3125,79.9375,126.375
1.30003e+10,6.375,74.875,-171.438,1.30003e+10,10.25,79.9375,126.25
1.30003e+10,6.3125,74.9375,-171.438,1.30003e+10,10.25,79.9375,126.25
1.30003e+10,6.3125,74.9375,-171.438,1.30003e+10,10.1875,79.9375,126.313
1.30003e+10,6.3125,74.9375,-171.438,1.30003e+10,10.1875,79.875,126.438
1.30003e+10,6.3125,74.9375,-171.5,1.30003e+10,10.1875,79.875,126.625
1.30003e+10,6.3125,74.875,-171.5,1.30003e+10,10.25,79.9375,126.688
1.30003e+10,6.25,74.875,-171.563,1.30003e+10,10.3125,79.9375,126.75
1.30003e+10,6.3125,74.875,-171.563,1.30003e+10,10.375,79.9375,126.813
1.30003e+10,6.3125,74.875,-171.563,1.30003e+10,10.375,79.9375,127
1.30003e+10,6.25,74.875,-171.625,1.30003e+10,10.4375,79.9375,127.188
1.30003e+10,6.25,74.875,-171.75,1.30003e+10,10.5,79.9375,127.438
1.30003e+10,6.1875,74.875,-171.813,1.30003e+10,10.5625,80.0625,127.438
1.30003e+10,6.1875,74.8125,-171.875,1.30003e+10,10.5625,80.125,127.188
1.30003e+10,6.25,74.8125,-171.875,1.30003e+10,10.5625,80.125,126.938
1.30003e+10,6.25,74.8125,-171.875,1.30003e+10,10.5625,80.125,126.813
1.30003e+10,6.3125,74.75,-171.875,1.30003e+10,10.5625,80.125,126.813
1.30003e+10,6.3125,74.75,-171.875,1.30003e+10,10.625,80.125,126.813
1.30003e+10,6.3125,74.75,-171.938,1.30003e+10,10.6875,80.1875,126.625
1.30003e+10,6.375,74.6875,-172,1.30003e+10,10.75,80.25,126.375
1.30003e+10,6.375,74.6875,-172.063,1.30003e+10,10.75,80.3125,126
1.30003e+10,6.375,74.6875,-172.063,1.30003e+10,10.75,80.3125,125.625
1.30003e+10,6.4375,74.625,-172.063,1.30003e+10,10.75,80.375,125.375
1.30003e+10,6.4375,74.625,-172.063,1.30003e+10,10.8125,80.4375,125.188
1.30003e+10,6.375,74.625,-172.063,1.30003e+10,10.875,80.5,124.938
1.30003e+10,6.375,74.5625,-172.125,1.30003e+10,10.9375,80.625,124.688
1.30003e+10,6.375,74.5625,-172.125,1.30003e+10,10.9375,80.625,124.375
1.30003e+10,6.3125,74.5625,-172.188,1.30003e+10,10.9375,80.6875,124
1.30003e+10,6.25,74.5625,-172.25,1.30003e+10,10.9375,80.75,123.813
1.30003e+10,6.1875,74.5625,-172.313,1.30003e+10,10.9375,80.8125,123.563
1.3001e+10,6.125,74.5625,-172.313,1.3001e+10,10.9375,80.875,123.438
1.3001e+10,6.0625,74.5625,-172.375,1.3001e+10,10.875,80.9375,123.188
1.3001e+10,6.0625,74.5625,-172.375,1.3001e+10,10.8125,80.9375,122.938
1.3001e+10,6,74.5625,-172.438,1.3001e+10,10.75,80.9375,122.813
1.3001e+10,5.9375,74.5625,-172.438,1.3001e+10,10.6875,80.9375,122.75
1.3001e+10,5.9375,74.625,-172.438,1.3001e+10,10.6875,80.9375,122.813
1.3001e+10,5.875,74.625,-172.438,1.3001e+10,10.625,80.9375,123.063
1.3001e+10,5.875,74.625,-172.438,1.3001e+10,10.625,80.9375,123.313
1.3001e+10,5.875,74.625,-172.438,1.3001e+10,10.5625,80.9375,123.438
1.3001e+10,5.875,74.625,-172.438,1.3001e+10,10.5625,80.9375,123.438
1.3001e+10,5.9375,74.625,-172.438,1.3001e+10,10.5,81,123.375
1.3001e+10,5.9375,74.6875,-172.375,1.3001e+10,10.5,81,123.438
1.3001e+10,6,74.6875,-172.375,1.3001e+10,10.5625,81,123.563
1.3001e+10,6.0625,74.6875,-172.313,1.3001e+10,10.625,81,123.938
1.3001e+10,6.125,74.6875,-172.25,1.3001e+10,10.625,81,124.063
1.3001e+10,6.1875,74.6875,-172.25,1.3001e+10,10.625,81,124.188
1.3001e+10,6.1875,74.6875,-172.188,1.3001e+10,10.625,81,124.188
1.3001e+10,6.3125,74.75,-172.125,1.3001e+10,10.625,81,124.25
1.3001e+10,6.3125,74.75,-172.063,1.3001e+10,10.6875,81,124.375
1.3001e+10,6.375,74.75,-172,1.3001e+10,10.6875,81,124.438
1.3001e+10,6.4375,74.75,-171.938,1.3001e+10,10.75,81,124.438
1.3001e+10,6.5625,74.75,-171.938,1.3001e+10,10.8125,81,124.5
1.3001e+10,6.625,74.75,-171.875,1.3001e+10,10.875,81,124.5
1.3001e+10,6.625,74.6875,-171.875,1.3001e+10,10.875,81,124.375
1.3001e+10,6.625,74.6875,-171.875,1.3001e+10,10.875,81,124.313
1.3001e+10,6.625,74.6875,-171.875,1.3001e+10,10.9375,80.9375,124.563
1.3001e+10,6.625,74.6875,-171.813,1.3001e+10,11,80.9375,125
1.3001e+10,6.625,74.75,-171.813,1.3001e+10,11,80.875,125.188
1.3001e+10,6.625,74.75,-171.813,1.3001e+10,11.0625,80.875,125.563
1.3001e+10,6.625,74.75,-171.813,1.3001e+10,11.125,80.875,125.938
1.3001e+10,6.625,74.75,-171.813,1.3001e+10,11.125,80.8125,126.125
1.3001e+10,6.625,74.75,-171.813,1.3001e+10,11.125,80.8125,126.25
1.3001e+10,6.625,74.75,-171.813,1.3001e+10,11.125,80.8125,126.313
1.3001e+10,6.625,74.75,-171.813,1.3001e+10,11.25,80.8125,126.813
1.3001e+10,6.625,74.75,-171.813,1.3001e+10,11.375,80.8125,127.188
1.3001e+10,6.5625,74.8125,-171.875,1.3001e+10,11.4375,80.875,127.438
1.3001e+10,6.5625,74.8125,-171.875,1.3001e+10,11.5,80.875,127.563
1.3001e+10,6.5625,74.8125,-171.875,1.3001e+10,11.5,80.875,127.688
1.3001e+10,6.5625,74.8125,-171.875,1.3001e+10,11.5625,80.9375,127.688
1.3001e+10,6.5625,74.8125,-171.875,1.3001e+10,11.5625,80.9375,127.688
1.3001e+10,6.5,74.8125,-171.875,1.3001e+10,11.5625,81,127.688
1.3001e+10,6.5,74.8125,-171.875,1.3001e+10,11.5625,81,127.75
1.3001e+10,6.5,74.8125,-171.875,1.3001e+10,11.625,81,127.875
1.3001e+10,6.5,74.8125,-171.875,1.3001e+10,11.625,81,128.063
1.3001e+10,6.5,74.8125,-171.875,1.3001e+10,11.6875,81,128.125
1.3001e+10,6.5625,74.8125,-171.875,1.3001e+10,11.6875,81.0625,128.25
1.3001e+10,6.625,74.8125,-171.813,1.3001e+10,11.6875,81.0625,128.25
1.3001e+10,6.625,74.8125,-171.813,1.3001e+10,11.75,81.0625,128.25
1.3001e+10,6.625,74.8125,-171.813,1.3001e+10,11.6875,81.0625,128.125
1.3001e+10,6.625,74.8125,-171.813,1.3001e+10,11.625,81.0625,128
1.3001e+10,6.625,74.8125,-171.813,1.3001e+10,11.5625,81,127.875
1.3001e+10,6.6875,74.75,-171.875,1.3001e+10,11.5625,81,127.75
1.30011e+10,6.6875,74.75,-171.875,1.30011e+10,11.5,80.9375,127.625
1.30011e+10,6.6875,74.75,-171.875,1.30011e+10,11.5,80.9375,127.5
1.30011e+10,6.625,74.8125,-171.875,1.30011e+10,11.5,80.9375,127.5
1.30011e+10,6.625,74.875,-171.875,1.30011e+10,11.5,80.9375,127.5
1.30011e+10,6.5625,74.9375,-171.875,1.30011e+10,11.4375,80.9375,127.563
1.30011e+10,6.5,75,-171.875,1.30011e+10,11.375,80.875,127.813
1.30011e+10,6.4375,75.0625,-171.875,1.30011e+10,11.3125,80.8125,128.125
1.30011e+10,6.4375,75.0625,-171.875,1.30011e+10,11.25,80.75,128.5
1.30011e+10,6.4375,75.0625,-171.813,1.30011e+10,11.1875,80.6875,128.813
1.30011e+10,6.4375,75.0625,-171.75,1.30011e+10,11.1875,80.6875,128.938
1.30011e+10,6.375,75.0625,-171.688,1.30011e+10,11.125,80.625,128.875
1.30011e+10,6.375,75.0625,-171.688,1.30011e+10,11.0625,80.625,128.563
1.30011e+10,6.375,75.0625,-171.688,1.30011e+10,10.9375,80.5625,128.125
1.30011e+10,6.4375,75.0625,-171.625,1.30011e+10,10.9375,80.5625,128.063
1.30011e+10,6.5,75.0625,-171.625,1.30011e+10,10.875,80.5625,127.813
1.30011e+10,6.5,75.0625,-171.563,1.30011e+10,10.8125,80.5625,127.563
1.30011e+10,6.5,75.0625,-171.563,1.30011e+10,10.8125,80.5625,127.25
1.30011e+10,6.5,75.0625,-171.563,1.30011e+10,10.8125,80.5625,126.938
1.30011e+10,6.5,75.0625,-171.563,1.30011e+10,10.75,80.5625,126.563
1.30011e+10,6.5,75.0625,-171.563,1.30011e+10,10.75,80.5625,126.188
1.30011e+10,6.5,75.0625,-171.563,1.30011e+10,10.6875,80.5,125.938
1.30011e+10,6.5,75.0625,-171.625,1.30011e+10,10.6875,80.5,125.75
1.30011e+10,6.5,75.0625,-171.625,1.30011e+10,10.625,80.5,125.563
1.30011e+10,6.5,75.0625,-171.625,1.30011e+10,10.625,80.5,125.438
1.30011e+10,6.5,75.0625,-171.625,1.30011e+10,10.5,80.4375,125.375
1.30011e+10,6.5,75.0625,-171.625,1.30011e+10,10.4375,80.3125,125.5
1.30011e+10,6.4375,75.0625,-171.75,1.30011e+10,10.375,80.1875,125.75
1.30011e+10,6.4375,75,-171.875,1.30011e+10,10.375,80.0625,126
1.30011e+10,6.375,75,-171.938,1.30011e+10,10.375,80,126.25
1.30011e+10,6.3125,75,-172,1.30011e+10,10.375,79.9375,126.625
1.30011e+10,6.3125,75,-172.063,1.30011e+10,10.375,79.875,127
1.30011e+10,6.3125,75,-172.125,1.30011e+10,10.375,79.875,127.313
1.30011e+10,6.3125,74.9375,-172.125,1.30011e+10,10.375,79.875,127.563
1.30011e+10,6.3125,74.9375,-172.125,1.30011e+10,10.3125,79.8125,127.625
1.30011e+10,6.3125,74.9375,-172.125,1.30011e+10,10.25,79.8125,127.563
1.30011e+10,6.3125,74.9375,-172.125,1.30011e+10,10.25,79.75,127.5
1.30011e+10,6.3125,74.9375,-172.125,1.30011e+10,10.3125,79.75,127.5
1.30011e+10,6.3125,74.9375,-172.125,1.30011e+10,10.375,79.8125,127.625
1.30011e+10,6.3125,74.875,-172.125,1.30011e+10,10.5,79.8125,127.813
1.30011e+10,6.3125,74.875,-172.125,1.30011e+10,10.5,79.875,127.938
1.30011e+10,6.3125,74.875,-172.188,1.30011e+10,10.5,79.875,127.938
1.30011e+10,6.3125,74.875,-172.188,1.30011e+10,10.4375,79.875,127.938
1.30011e+10,6.3125,74.9375,-172.188,1.30011e+10,10.4375,79.875,127.938
1.30011e+10,6.3125,74.9375,-172.188,1.30011e+10,10.4375,79.875,128.063
1.30011e+10,6.3125,74.9375,-172.188,1.30011e+10,10.5,79.9375,128.125
1.30011e+10,6.3125,74.9375,-172.188,1.30011e+10,10.5625,79.9375,128.125
1.30011e+10,6.3125,74.9375,-172.125,1.30011e+10,10.5625,80,128.063
1.30011e+10,6.3125,74.9375,-172.125,1.30011e+10,10.5625,80,127.875
1.30011e+10,6.3125,74.9375,-172.125,1.30011e+10,10.5625,80,127.625
1.30011e+10,6.3125,74.9375,-172.125,1.30011e+10,10.5625,80,127.313
1.30011e+10,6.3125,74.9375,-172.125,1.30011e+10,10.5625,80,127.125
1.30012e+10,6.3125,74.9375,-172.125,1.30012e+10,10.625,80,126.875
1.30012e+10,6.3125,74.9375,-172.125,1.30012e+10,10.6875,80,126.813
1.30012e+10,6.3125,74.9375,-172.125,1.30012e+10,10.6875,80,126.688
1.30012e+10,6.3125,74.9375,-172.125,1.30012e+10,10.625,80,126.438
1.30012e+10,6.3125,75,-172.125,1.30012e+10,10.5625,80,126.188
1.30012e+10,6.3125,75,-172.063,1.30012e+10,10.5625,80,126.125
1.30012e+10,6.3125,75.0625,-172.063,1.30012e+10,10.5625,80,126.313
1.30012e+10,6.25,75.0625,-172.125,1.30012e+10,10.625,79.9375,126.563
1.30012e+10,6.25,75.0625,-172.125,1.30012e+10,10.625,79.9375,126.813
1.30012e+10,6.25,75.0625,-172.063,1.30012e+10,10.625,79.9375,126.688
1.30012e+10,6.25,75.0625,-172,1.30012e+10,10.5625,79.9375,126.25
1.30012e+10,6.25,75.0625,-171.938,1.30012e+10,10.5625,79.9375,125.688
1.30012e+10,6.25,75.0625,-171.875,1.30012e+10,10.5,79.9375,125.188
1.30012e+10,6.25,75.0625,-171.938,1.30012e+10,10.4375,79.9375,124.875
1.30012e+10,6.1875,75.0625,-171.938,1.30012e+10,10.4375,79.9375,124.688
1.30012e+10,6.1875,75.0625,-171.938,1.30012e+10,10.375,79.875,124.75
1.30012e+10,6.125,75.0625,-172,1.30012e+10,10.375,79.875,124.813
1.30012e+10,6.0625,75,-172.063,1.30012e+10,10.375,79.875,124.813
1.30012e+10,6.0625,75,-172.063,1.30012e+10,10.375,79.875,124.813
1.30012e+10,6.0625,75,-172.063,1.30012e+10,10.3125,79.875,124.813
1.30012e+10,6,75,-172.125,1.30012e+10,10.25,79.875,124.75
1.30012e+10,5.9375,75,-172.188,1.30012e+10,10.25,79.8125,124.813
1.30012e+10,5.875,75.0625,-172.25,1.30012e+10,10.1875,79.8125,124.875
1.30012e+10,5.875,75.0625,-172.25,1.30012e+10,10.125,79.75,125.25
1.30012e+10,5.8125,75.0625,-172.25,1.30012e+10,10.125,79.6875,125.75
1.30012e+10,5.8125,75.0625,-172.313,1.30012e+10,10.125,79.625,126.188
1.30012e+10,5.75,75.0625,-172.375,1.30012e+10,10.0625,79.5625,126.563
1.30012e+10,5.6875,75.0625,-172.375,1.30012e+10,10,79.4375,127
1.30012e+10,5.6875,75.0625,-172.438,1.30012e+10,10,79.375,127.5
1.30012e+10,5.6875,75.0625,-172.5,1.30012e+10,10,79.3125,128.063
1.30012e+10,5.6875,75,-172.5,1.30012e+10,10,79.25,128.438
1.30012e+10,5.6875,75,-172.5,1.30012e+10,10,79.25,128.563
1.30012e+10,5.6875,75.0625,-172.5,1.30012e+10,9.9375,79.25,128.688
1.30012e+10,5.6875,75.0625,-172.438,1.30012e+10,9.9375,79.1875,128.875
1.30012e+10,5.6875,75.0625,-172.438,1.30012e+10,9.9375,79.1875,129.063
1.30012e+10,5.75,75.0625,-172.438,1.30012e+10,9.9375,79.125,129.25
1.30012e+10,5.75,75.0625,-172.438,1.30012e+10,10,79.125,129.438
1.30012e+10,5.8125,75.0625,-172.438,1.30012e+10,10.0625,79.125,129.5
1.30012e+10,5.8125,75.0625,-172.375,1.30012e+10,10.125,79.1875,129.5
1.30012e+10,5.875,75,-172.438,1.30012e+10,10.1875,79.25,129.438
1.30012e+10,5.9375,75,-172.375,1.30012e+10,10.25,79.3125,129.313
1.30012e+10,5.9375,75,-172.375,1.30012e+10,10.25,79.375,129.188
1.30012e+10,6,74.9375,-172.375,1.30012e+10,10.25,79.375,129
1.30012e+10,6,74.9375,-172.375,1.30012e+10,10.25,79.4375,128.75
1.30012e+10,6.0625,74.9375,-172.313,1.30012e+10,10.3125,79.4375,128.688
1.30012e+10,6.0625,74.9375,-172.313,1.30012e+10,10.375,79.5,128.75
1.30012e+10,6.0625,74.9375,-172.313,1.30012e+10,10.4375,79.5,128.875
1.30012e+10,6.0625,74.9375,-172.313,1.30012e+10,10.4375,79.5625,129
1.30012e+10,6.125,74.9375,-172.25,1.30012e+10,10.4375,79.5625,129
1.30012e+10,6.0625,74.9375,-172.313,1.30012e+10,10.375,79.5625,128.875
1.30012e+10,6.0625,74.9375,-172.313,1.30012e+10,10.375,79.625,128.625
1.30013e+10,6.0625,74.9375,-172.313,1.30013e+10,10.375,79.625,128.438
1.30013e+10,6,74.9375,-172.313,1.30013e+10,10.4375,79.6875,128.188
1.30013e+10,6,74.9375,-172.313,1.30013e+10,10.4375,79.6875,128
1.30013e+10,6,74.9375,-172.313,1.30013e+10,10.375,79.6875,127.875
1.30013e+10,6,75,-172.313,1.30013e+10,10.375,79.6875,127.75
1.30013e+10,6,75,-172.313,1.30013e+10,10.3125,79.6875,127.813
1.30013e+10,6,75.0625,-172.313,1.30013e+10,10.3125,79.6875,128
1.30013e+10,5.9375,75.0625,-172.25,1.30013e+10,10.3125,79.625,128.188
1.30013e+10,5.9375,75.0625,-172.25,1.30013e+10,10.3125,79.625,128.438
1.30013e+10,5.9375,75.0625,-172.125,1.30013e+10,10.3125,79.5625,128.563
1.30013e+10,5.9375,75.0625,-172.063,1.30013e+10,10.3125,79.5625,128.5
1.30013e+10,6,75.0625,-172,1.30013e+10,10.3125,79.5625,128.25
1.30013e+10,6,75,-172,1.30013e+10,10.25,79.5625,128
1.30013e+10,5.9375,75,-172.063,1.30013e+10,10.25,79.5625,127.688
1.30013e+10,5.9375,75,-172.063,1.30013e+10,10.3125,79.5625,127.625
1.30013e+10,5.9375,75,-172,1.30013e+10,10.3125,79.5625,127.625
1.30013e+10,6,75.0625,-172,1.30013e+10,10.3125,79.5625,127.75
1.30013e+10,6,75.0625,-172,1.30013e+10,10.3125,79.5,128
1.30013e+10,6,75,-172,1.30013e+10,10.3125,79.5,128.188
1.30013e+10,6.0625,75,-171.938,1.30013e+10,10.3125,79.5,128.375
1.30013e+10,6.0625,75,-171.938,1.30013e+10,10.3125,79.4375,128.5
1.30013e+10,6.0625,75,-171.938,1.30013e+10,10.3125,79.4375,128.625
1.30013e+10,6.0625,75,-171.938,1.30013e+10,10.3125,79.4375,128.75
1.30013e+10,6.0625,75.0625,-171.938,1.30013e+10,10.3125,79.4375,129
1.30013e+10,6.125,75.0625,-171.875,1.30013e+10,10.25,79.375,129.313
1.30013e+10,6.125,75.0625,-171.875,1.30013e+10,10.1875,79.3125,129.563
1.30013e+10,6.1875,75.0625,-171.875,1.30013e+10,10.125,79.25,129.688
1.30013e+10,6.1875,75.0625,-171.875,1.30013e+10,10.0625,79.25,129.813
1.30013e+10,6.1875,75.0625,-171.813,1.30013e+10,10,79.1875,130
1.30013e+10,6.1875,75,-171.875,1.30013e+10,10,79.1875,130.188
1.30013e+10,6.1875,75,-171.875,1.30013e+10,10.0625,79.1875,130.438
1.30013e+10,6.1875,74.9375,-171.875,1.30013e+10,10.125,79.25,130.625
1.30013e+10,6.1875,74.9375,-171.938,1.30013e+10,10.125,79.3125,130.813
1.30013e+10,6.1875,74.875,-171.938,1.30013e+10,10.125,79.375,130.875
1.30013e+10,6.1875,74.875,-171.938,1.30013e+10,10.125,79.4375,130.813
1.30013e+10,6.1875,74.8125,-172,1.30013e+10,10.0625,79.4375,130.625
1.30013e+10,6.1875,74.8125,-172,1.30013e+10,10,79.4375,130.563
1.30013e+10,6.1875,74.75,-172.063,1.30013e+10,10,79.5,130.625
1.30013e+10,6.1875,74.75,-172.063,1.30013e+10,10,79.5,130.75
1.30013e+10,6.1875,74.6875,-172.063,1.30013e+10,10.0625,79.5625,130.813
1.30013e+10,6.1875,74.6875,-172.063,1.30013e+10,10.125,79.625,130.813
1.30013e+10,6.1875,74.6875,-172.063,1.30013e+10,10.125,79.6875,130.75
1.30013e+10,6.25,74.6875,-172,1.30013e+10,10.0625,79.6875,130.563
1.30013e+10,6.25,74.6875,-172,1.30013e+10,10.0625,79.6875,130.5
1.30013e+10,6.25,74.6875,-172,1.30013e+10,10.0625,79.75,130.5
1.30013e+10,6.25,74.6875,-172,1.30013e+10,10.125,79.8125,130.563
1.30013e+10,6.25,74.6875,-172,1.30013e+10,10.1875,79.8125,130.563
1.30013e+10,6.25,74.625,-172.063,1.30013e+10,10.1875,79.875,130.438
1.30013e+10,6.25,74.625,-172.063,1.30013e+10,10.25,79.9375,130.313
1.30013e+10,6.25,74.625,-172.063,1.30013e+10,10.25,79.9375,130.25
1.30013e+10,6.25,74.625,-172.063,1.30013e+10,10.25,79.9375,130.188
1.3002e+10,6.25,74.625,-172.063,1.3002e+10,10.3125,80,130.125
1.3002e+10,6.25,74.625,-172.063,1.3002e+10,10.3125,80,130
1.3002e+10,6.25,74.625,-172.063,1.3002e+10,10.3125,80,129.813
1.3002e+10,6.25,74.625,-172.063,1.3002e+10,10.3125,80.0625,129.688
1.3002e+10,6.25,74.6875,-172,1.3002e+10,10.3125,80.0625,129.688
1.3002e+10,6.25,74.6875,-172,1.3002e+10,10.3125,80,129.875
1.3002e+10,6.25,74.75,-171.938,1.3002e+10,10.3125,79.9375,130.125
1.3002e+10,6.25,74.75,-171.938,1.3002e+10,10.3125,79.875,130.375
1.3002e+10,6.25,74.75,-171.938,1.3002e+10,10.3125,79.8125,130.75
1.3002e+10,6.3125,74.75,-171.875,1.3002e+10,10.3125,79.75,131.063
1.3002e+10,6.3125,74.75,-171.875,1.3002e+10,10.3125,79.75,131.25
1.3002e+10,6.3125,74.75,-171.875,1.3002e+10,10.25,79.6875,131.313
1.3002e+10,6.3125,74.75,-171.875,1.3002e+10,10.25,79.625,131.375
1.3002e+10,6.3125,74.75,-171.875,1.3002e+10,10.125,79.625,131.438
1.3002e+10,6.3125,74.75,-171.875,1.3002e+10,10.0625,79.5625,131.5
1.3002e+10,6.3125,74.75,-171.875,1.3002e+10,10.0625,79.5,131.688
1.3002e+10,6.3125,74.75,-171.875,1.3002e+10,10,79.5,131.938
1.3002e+10,6.3125,74.75,-171.875,1.3002e+10,10,79.4375,132.125
1.3002e+10,6.3125,74.75,-171.875,1.3002e+10,10,79.4375,132.188
1.3002e+10,6.3125,74.75,-171.875,1.3002e+10,10,79.4375,132.25
1.3002e+10,6.3125,74.75,-171.875,1.3002e+10,9.9375,79.375,132.375
1.3002e+10,6.3125,74.75,-171.938,1.3002e+10,9.9375,79.25,132.5
1.3002e+10,6.3125,74.75,-172,1.3002e+10,9.875,79.1875,132.688
1.3002e+10,6.25,74.75,-172,1.3002e+10,9.8125,79.125,132.813
1.3002e+10,6.25,74.6875,-172,1.3002e+10,9.8125,79.0625,132.813
1.3002e+10,6.25,74.6875,-172.063,1.3002e+10,9.75,79.0625,132.688
1.3002e+10,6.25,74.6875,-172.063,1.3002e+10,9.625,79.0625,132.563
1.3002e+10,6.1875,74.625,-172.125,1.3002e+10,9.5625,79,132.438
1.3002e+10,6.125,74.625,-172.188,1.3002e+10,9.5625,79,132.313
1.3002e+10,6.0625,74.5625,-172.313,1.3002e+10,9.625,79,132.313
1.3002e+10,6,74.5625,-172.375,1.3002e+10,9.6875,79,132.5
1.3002e+10,5.9375,74.5,-172.438,1.3002e+10,9.8125,79.0625,132.625
1.3002e+10,5.875,74.5,-172.5,1.3002e+10,9.8125,79.125,132.688
1.3002e+10,5.875,74.5,-172.563,1.3002e+10,9.8125,79.1875,132.563
1.3002e+10,5.8125,74.5,-172.563,1.3002e+10,9.8125,79.1875,132.313
1.3002e+10,5.8125,74.5,-172.563,1.3002e+10,9.8125,79.1875,132
1.3002e+10,5.8125,74.5,-172.563,1.3002e+10,9.8125,79.25,131.75
1.3002e+10,5.875,74.5,-172.625,1.3002e+10,9.875,79.25,131.563
1.3002e+10,5.875,74.5,-172.625,1.3002e+10,10,79.3125,131.438
1.3002e+10,5.875,74.5,-172.563,1.3002e+10,10.0625,79.375,131.313
1.3002e+10,5.9375,74.5,-172.563,1.3002e+10,10.125,79.4375,131.063
1.3002e+10,5.9375,74.5,-172.563,1.3002e+10,10.125,79.5,130.813
1.3002e+10,6,74.5,-172.5,1.3002e+10,10.125,79.5,130.563
1.3002e+10,5.9375,74.5,-172.5,1.3002e+10,10.125,79.5625,130.313
1.3002e+10,5.9375,74.5625,-172.5,1.3002e+10,10.1875,79.5625,130.125
1.3002e+10,5.9375,74.5625,-172.5,1.3002e+10,10.1875,79.625,129.938
1.3002e+10,6,74.5625,-172.438,1.3002e+10,10.1875,79.625,129.813
1.3002e+10,6,74.625,-172.438,1.3002e+10,10.1875,79.6875,129.625
1.3002e+10,6,74.625,-172.438,1.3002e+10,10.125,79.6875,129.313
1.3002e+10,6,74.625,-172.438,1.3002e+10,10.125,79.6875,128.938
1.3002e+10,6,74.625,-172.438,1.3002e+10,10.125,79.6875,128.625
1.30021e+10,6,74.625,-172.438,1.30021e+10,10.125,79.75,128.563
1.30021e+10,6,74.625,-172.438,1.30021e+10,10.1875,79.75,128.563
1.30021e+10,6,74.6875,-172.375,1.30021e+10,10.125,79.6875,128.688
1.30021e+10,6,74.75,-172.375,1.30021e+10,10.125,79.6875,128.813
1.30021e+10,6,74.75,-172.375,1.30021e+10,10.0625,79.6875,128.875
1.30021e+10,6,74.75,-172.375,1.30021e+10,10.0625,79.6875,128.875
1.30021e+10,6,74.8125,-172.375,1.30021e+10,10,79.625,128.813
1.30021e+10,6,74.8125,-172.313,1.30021e+10,10,79.625,128.75
1.30021e+10,5.9375,74.8125,-172.375,1.30021e+10,9.9375,79.6875,128.625
1.30021e+10,5.875,74.8125,-172.375,1.30021e+10,9.9375,79.6875,128.563
1.30021e+10,5.875,74.8125,-172.438,1.30021e+10,9.875,79.6875,128.438
1.30021e+10,5.8125,74.8125,-172.438,1.30021e+10,9.875,79.6875,128.313
1.30021e+10,5.8125,74.8125,-172.375,1.30021e+10,9.8125,79.6875,128.188
1.30021e+10,5.75,74.8125,-172.375,1.30021e+10,9.75,79.625,128.125
1.30021e+10,5.75,74.8125,-172.438,1.30021e+10,9.6875,79.625,128
1.30021e+10,5.6875,74.8125,-172.438,1.30021e+10,9.6875,79.625,128
1.30021e+10,5.6875,74.875,-172.438,1.30021e+10,9.6875,79.5625,127.875
1.30021e+10,5.625,74.875,-172.5,1.30021e+10,9.625,79.5625,127.813
1.30021e+10,5.625,74.875,-172.5,1.30021e+10,9.625,79.5625,127.813
1.30021e+10,5.625,74.875,-172.5,1.30021e+10,9.6875,79.5625,127.875
1.30021e+10,5.625,74.875,-172.5,1.30021e+10,9.6875,79.5625,127.875
1.30021e+10,5.625,74.875,-172.5,1.30021e+10,9.6875,79.5625,127.875
1.30021e+10,5.625,74.875,-172.5,1.30021e+10,9.6875,79.5625,128
1.30021e+10,5.625,74.875,-172.625,1.30021e+10,9.6875,79.5,128.188
1.30021e+10,5.5625,74.8125,-172.688,1.30021e+10,9.625,79.5,128.188
1.30021e+10,5.5,74.8125,-172.813,1.30021e+10,9.625,79.5,128.188
1.30021e+10,5.4375,74.75,-172.938,1.30021e+10,9.6875,79.5625,128.063
1.30021e+10,5.375,74.6875,-173.063,1.30021e+10,9.625,79.625,127.875
1.30021e+10,5.375,74.625,-173.125,1.30021e+10,9.625,79.625,127.75
1.30021e+10,5.375,74.625,-173.125,1.30021e+10,9.5625,79.625,127.625
1.30021e+10,5.375,74.5625,-173.125,1.30021e+10,9.5625,79.6875,127.563
1.30021e+10,5.375,74.625,-173.188,1.30021e+10,9.625,79.625,127.625
1.30021e+10,5.375,74.625,-173.188,1.30021e+10,9.625,79.625,127.813
1.30021e+10,5.3125,74.6875,-173.188,1.30021e+10,9.6875,79.625,128.063
1.30021e+10,5.3125,74.6875,-173.188,1.30021e+10,9.6875,79.5625,128.375
1.30021e+10,5.375,74.75,-173.188,1.30021e+10,9.75,79.5625,128.625
1.30021e+10,5.375,74.75,-173.188,1.30021e+10,9.75,79.5,128.813
1.30021e+10,5.4375,74.75,-173.125,1.30021e+10,9.8125,79.5,128.813
1.30021e+10,5.4375,74.75,-173.125,1.30021e+10,9.875,79.5625,128.688
1.30021e+10,5.5,74.75,-173.063,1.30021e+10,9.875,79.5625,128.5
1.30021e+10,5.5625,74.75,-173.063,1.30021e+10,9.875,79.625,128.313
1.30021e+10,5.5625,74.75,-173,1.30021e+10,9.9375,79.625,128.188
1.30021e+10,5.625,74.75,-173,1.30021e+10,9.9375,79.6875,128.063
1.30021e+10,5.625,74.75,-172.938,1.30021e+10,9.9375,79.6875,128.063
1.30021e+10,5.6875,74.75,-172.938,1.30021e+10,10,79.6875,128
1.30021e+10,5.75,74.75,-172.875,1.30021e+10,10.0625,79.75,127.875
1.30021e+10,5.75,74.75,-172.875,1.30021e+10,10.0625,79.8125,127.75
1.30021e+10,5.8125,74.6875,-172.875,1.30021e+10,10.0625,79.8125,127.625
1.30021e+10,5.875,74.6875,-172.813,1.30021e+10,10.0625,79.8125,127.5
1.30021e+10,5.875,74.6875,-172.813,1.30021e+10,10.0625,79.875,127.313
1.30021e+10,5.8125,74.75,-172.813,1.30021e+10,10.0625,79.875,127.313
1.30021e+10,5.75,74.75,-172.875,1.30021e+10,10.0625,79.875,127.375
1.30022e+10,5.6875,74.8125,-172.813,1.30022e+10,10.0625,79.8125,127.5
1.30022e+10,5.6875,74.875,-172.75,1.30022e+10,10.0625,79.8125,127.688
1.30022e+10,5.6875,74.9375,-172.688,1.30022e+10,10.0625,79.75,128
1.30022e+10,5.625,74.9375,-172.625,1.30022e+10,10,79.6875,128.313
1.30022e+10,5.6875,74.9375,-172.563,1.30022e+10,9.9375,79.5625,128.438
1.30022e+10,5.6875,75,-172.563,1.30022e+10,9.875,79.5,128.438
1.30022e+10,5.6875,75,-172.5,1.30022e+10,9.875,79.5,128.25
1.30022e+10,5.6875,75,-172.5,1.30022e+10,9.875,79.5,128.063
1.30022e+10,5.6875,75,-172.5,1.30022e+10,9.875,79.5,127.938
1.30022e+10,5.6875,75,-172.438,1.30022e+10,9.875,79.5,127.938
1.30022e+10,5.75,74.9375,-172.438,1.30022e+10,9.9375,79.5,127.875
1.30022e+10,5.75,74.9375,-172.438,1.30022e+10,9.9375,79.5,127.875
1.30022e+10,5.75,74.9375,-172.375,1.30022e+10,9.9375,79.5,127.875
1.30022e+10,5.8125,75,-172.375,1.30022e+10,9.9375,79.5,127.938
1.30022e+10,5.8125,75,-172.375,1.30022e+10,10,79.5,128.063
1.30022e+10,5.8125,75,-172.375,1.30022e+10,10,79.5,128.188
1.30022e+10,5.8125,75,-172.313,1.30022e+10,10,79.5,128.313
1.30022e+10,5.8125,75.0625,-172.313,1.30022e+10,9.9375,79.4375,128.438
1.30022e+10,5.875,75.0625,-172.25,1.30022e+10,9.9375,79.375,128.688
1.30022e+10,5.9375,75.0625,-172.25,1.30022e+10,9.9375,79.3125,128.938
1.30022e+10,6,75.0625,-172.25,1.30022e+10,9.9375,79.25,129.125
1.30022e+10,6,75.0625,-172.188,1.30022e+10,10,79.25,129.313
1.30022e+10,6,75.0625,-172.188,1.30022e+10,10,79.25,129.313
1.30022e+10,6.0625,75.0625,-172.188,1.30022e+10,10.0625,79.25,129.25
1.30022e+10,6.0625,75,-172.188,1.30022e+10,10.0625,79.3125,129.063
1.30022e+10,6.0625,75,-172.188,1.30022e+10,10.0625,79.3125,128.938
1.30022e+10,6.0625,75.0625,-172.188,1.30022e+10,10,79.3125,128.875
1.30022e+10,6.125,75,-172.188,1.30022e+10,10.0625,79.3125,128.875
1.30022e+10,6.125,75,-172.188,1.30022e+10,10.0625,79.375,128.875
1.30022e+10,6.1875,75,-172.188,1.30022e+10,10.125,79.4375,128.875
1.30022e+10,6.1875,75,-172.188,1.30022e+10,10.125,79.4375,128.75
1.30022e+10,6.1875,74.9375,-172.188,1.30022e+10,10.125,79.5,128.563
1.30022e+10,6.1875,74.9375,-172.188,1.30022e+10,10.1875,79.5,128.438
1.30022e+10,6.1875,74.9375,-172.188,1.30022e+10,10.1875,79.5625,128.125
1.30022e+10,6.1875,74.9375,-172.188,1.30022e+10,10.25,79.625,128.125
1.30022e+10,6.1875,74.9375,-172.188,1.30022e+10,10.3125,79.6875,128.25
1.30022e+10,6.1875,74.9375,-172.188,1.30022e+10,10.3125,79.6875,128.438
1.30022e+10,6.1875,74.9375,-172.188,1.30022e+10,10.3125,79.6875,128.438
1.30022e+10,6.25,74.9375,-172.188,1.30022e+10,10.3125,79.6875,128.438
